3.337683982683983572e+02 3.117424242424241925e+02
3.332233593584421669e+02 3.124069792617199255e+02
3.326608203238699275e+02 3.130558124999764686e+02
3.320810632385964709e+02 3.136890349398126432e+02
3.314843701765362880e+02 3.143067575638472704e+02
3.308710232116039833e+02 3.149090913546988304e+02
3.302413044177141614e+02 3.154961472949863719e+02
3.295954958687811995e+02 3.160680363673284887e+02
3.289338796387198727e+02 3.166248695543439453e+02
3.282567378014447854e+02 3.171667578386516766e+02
3.275643524308703718e+02 3.176938122028701628e+02
3.268570056009113500e+02 3.182061436296183388e+02
3.261349793854822110e+02 3.187038631015149122e+02
3.253985558584974456e+02 3.191870816011785337e+02
3.246480170938717151e+02 3.196559101112280814e+02
3.238834682067500239e+02 3.201102746216732271e+02
3.231053304070985632e+02 3.205504263161424205e+02
3.223139325714311099e+02 3.209765245020083171e+02
3.215095567736620978e+02 3.213886801618896811e+02
3.206924850877062454e+02 3.217870042784052202e+02
3.198629995874781002e+02 3.221716078341736420e+02
3.190213823468920964e+02 3.225426018118137677e+02
3.181679154398630658e+02 3.229000971939443616e+02
3.173028809403054424e+02 3.232442049631842451e+02
3.164265609221336604e+02 3.235750361021520121e+02
3.155392374592626084e+02 3.238927015934665405e+02
3.146411926256067204e+02 3.241973124197465381e+02
3.137327084950804306e+02 3.244889795636107124e+02
3.128140671415985707e+02 3.247678140076778845e+02
3.118854578550574956e+02 3.250338047708694944e+02
3.109471976756590834e+02 3.252871022306535451e+02
3.099996354749301872e+02 3.255279034716514843e+02
3.090430533267849569e+02 3.257563194764820196e+02
3.080777333051381106e+02 3.259724612277637448e+02
3.071039574839040824e+02 3.261764397081155380e+02
3.061220079369977611e+02 3.263683659001561637e+02
3.051321667383334670e+02 3.265483507865042725e+02
3.041347159618257479e+02 3.267165053497786289e+02
3.031299376813893218e+02 3.268729405725980541e+02
3.021181139709387367e+02 3.270177674375812558e+02
3.010995269043885969e+02 3.271510969273469414e+02
3.000744585556532797e+02 3.272730400245140459e+02
2.990431909986477308e+02 3.273837077117012200e+02
2.980059708904332751e+02 3.274831414892360613e+02
2.969630647166207496e+02 3.275714120234376310e+02
2.959148145361628508e+02 3.276487436286699904e+02
2.948615024229737855e+02 3.277152472875519607e+02
2.938034104509684994e+02 3.277710339827023631e+02
2.927408206940613127e+02 3.278162146967398485e+02
2.916740152261669436e+02 3.278509004122831811e+02
2.906032761211998832e+02 3.278752021119510687e+02
2.895288854530747358e+02 3.278892307783624460e+02
2.884511252957061629e+02 3.278930973941358502e+02
2.873702777230085417e+02 3.278869129418901025e+02
2.862866248088967041e+02 3.278707884042440810e+02
2.852004486272850272e+02 3.278448347638163227e+02
2.841120312520881157e+02 3.278091630032257626e+02
2.830216498999465102e+02 3.277638565567008868e+02
2.819295741170523115e+02 3.277089274744220688e+02
2.808361123421979073e+02 3.276446167529913964e+02
2.797415466492977316e+02 3.275710353750272361e+02
2.786461591122663890e+02 3.274882943231485797e+02
2.775502318050185977e+02 3.273965045799740210e+02
2.764540468014687349e+02 3.272957771281225519e+02
2.753578861755314620e+02 3.271862229502127093e+02
2.742620320011213835e+02 3.270679530288632577e+02
2.731667663521530471e+02 3.269410783466930752e+02
2.720723713025411143e+02 3.268057098863208125e+02
2.709791289262000191e+02 3.266619586303652909e+02
2.698873212970444797e+02 3.265099355614452179e+02
2.687972304889888733e+02 3.263497516621793011e+02
2.677091385759479749e+02 3.261815179151863617e+02
2.666233684640226897e+02 3.260052203635348747e+02
2.655401714801043340e+02 3.258210946245433206e+02
2.644598285928254882e+02 3.256292555188354072e+02
2.633826218761007567e+02 3.254298140290301262e+02
2.623088334038447442e+02 3.252228811377460147e+02
2.612387452499719984e+02 3.250085678276018939e+02
2.601726394883971238e+02 3.247869850812166419e+02
2.591107981930346114e+02 3.245582438812089094e+02
2.580535034377991792e+02 3.243224552101974609e+02
2.570010372966053183e+02 3.240797300508010039e+02
2.559536818433675478e+02 3.238301793856383028e+02
2.549117191520005292e+02 3.235739141973281789e+02
2.538754312964188955e+02 3.233110454684893398e+02
2.528451003505370522e+02 3.230416841817406066e+02
2.518210893339693826e+02 3.227658618286133674e+02
2.508035485294246882e+02 3.224836943796162245e+02
2.497924841760343213e+02 3.221951575968883503e+02
2.487879045362035129e+02 3.219001885008688078e+02
2.477898178723373803e+02 3.215987241119964324e+02
2.467982324468411264e+02 3.212907014507102872e+02
2.458131565221200105e+02 3.209760575374492646e+02
2.448345983605791787e+02 3.206547293926523139e+02
2.438625662246238619e+02 3.203266540367584980e+02
2.428970683766591492e+02 3.199917684902065957e+02
2.419381130790902716e+02 3.196500097734356700e+02
2.409857085943224604e+02 3.193013149068846133e+02
2.400398631847608613e+02 3.189456209109924316e+02
2.391005851128107054e+02 3.185828648061980743e+02
2.381679431307668722e+02 3.182129175727799861e+02
2.372419329713339096e+02 3.178357285716739966e+02
2.363225151997631599e+02 3.174512865180151948e+02
2.354096980784601101e+02 3.170595284322429848e+02
2.345034898698296217e+02 3.166603913347958041e+02
2.336038988362771534e+02 3.162538122461128864e+02
2.327109332402077655e+02 3.158397281866331809e+02
2.318246013440266609e+02 3.154180761767956369e+02
2.309449114101389853e+02 3.149887932370390899e+02
2.300718717009500551e+02 3.145518163878026598e+02
2.292054904788649310e+02 3.141070826495251822e+02
2.283457760062888724e+02 3.136545290426456063e+02
2.274927365456270536e+02 3.131940925876030519e+02
2.266463803592846489e+02 3.127257103048362410e+02
2.258067545868688342e+02 3.122492723748518415e+02
2.249739000663888362e+02 3.117646754285102588e+02
2.241477538704791641e+02 3.112719417107940103e+02
2.233283242615451059e+02 3.107710082421422157e+02
2.225156195019917220e+02 3.102618120429936539e+02
2.217096478542243005e+02 3.097442901337874446e+02
2.209104175806479589e+02 3.092183795349623665e+02
2.201179369436678996e+02 3.086840172669575395e+02
2.193322142056893824e+02 3.081411403502118560e+02
2.185532576291174962e+02 3.075896858051642084e+02
2.177810754763574153e+02 3.070295906522535461e+02
2.170156760098144844e+02 3.064607919119189319e+02
2.162570674918937357e+02 3.058832266045993151e+02
2.155052581850004003e+02 3.052968317507334746e+02
2.147602728308159783e+02 3.047015227164729936e+02
2.140221989431304053e+02 3.040971314317692986e+02
2.132909493167231574e+02 3.034837196568689137e+02
2.125665322139994657e+02 3.028612244122110724e+02
2.118489558973644762e+02 3.022295827182345533e+02
2.111382286292234767e+02 3.015887315953783059e+02
2.104343586719815278e+02 3.009386080640812224e+02
2.097373542880439174e+02 3.002791491447825365e+02
2.090472237398157347e+02 2.996102918579209131e+02
2.083639752897023243e+02 2.989319732239355289e+02
2.076876172001087468e+02 2.982441302632651059e+02
2.070181577334402050e+02 2.975466999963487638e+02
2.063556051521018730e+02 2.968396194436253950e+02
2.056999677184990105e+02 2.961228256255339488e+02
2.050512536950367348e+02 2.953962555625133746e+02
2.044095787300995255e+02 2.946596930630954034e+02
2.037748506670359916e+02 2.939132168378843062e+02
2.031470710643639848e+02 2.931567734240937284e+02
2.025262481844887930e+02 2.923902998421625057e+02
2.019123902898154768e+02 2.916137331125296441e+02
2.013055056427493525e+02 2.908270102556341499e+02
2.007056025056954525e+02 2.900300682919148585e+02
2.001126891410590645e+02 2.892228442418107193e+02
1.995267738112454197e+02 2.884052751257608520e+02
1.989478647786595786e+02 2.875772979642040923e+02
1.983759703057068009e+02 2.867388497775793326e+02
1.978110986547922892e+02 2.858898675863256358e+02
1.972532580883211892e+02 2.850302884108819512e+02
1.967024568686987607e+02 2.841600492716872282e+02
1.961588023337683353e+02 2.832789988407645296e+02
1.956223424806682090e+02 2.823874429361819693e+02
1.950931779709565603e+02 2.814857407440575230e+02
1.945714402029911980e+02 2.805742049740783273e+02
1.940572605751299875e+02 2.796531483359315757e+02
1.935507704857307090e+02 2.787228835393044619e+02
1.930521013331511710e+02 2.777837232938841225e+02
1.925613845157492108e+02 2.768359803093576943e+02
1.920787514318826652e+02 2.758799672954123707e+02
1.916043334799093429e+02 2.749159969617353454e+02
1.911382620581870526e+02 2.739443820180136981e+02
1.906806685650736597e+02 2.729654351739346794e+02
1.902316843989268875e+02 2.719794691391853689e+02
1.897914409581047721e+02 2.709867966234530172e+02
1.893601480071070569e+02 2.699876774039394718e+02
1.889379314357791202e+02 2.689824376845019742e+02
1.885248539679428745e+02 2.679714395683201360e+02
1.881210470019561853e+02 2.669549957650811507e+02
1.877266419361770033e+02 2.659334189844722118e+02
1.873417701689629382e+02 2.649070219361803993e+02
1.869665630986719691e+02 2.638761173298929634e+02
1.866011521236618762e+02 2.628410178752970410e+02
1.862456686422904397e+02 2.618020362820798255e+02
1.859002440529154967e+02 2.607594852599283399e+02
1.855650097538949126e+02 2.597136775185299484e+02
1.852400971435864676e+02 2.586649257675716740e+02
1.849256376203479704e+02 2.576135427167407670e+02
1.846217625825372863e+02 2.565598410757243073e+02
1.843286611307480314e+02 2.555041245573264064e+02
1.840465303794555041e+02 2.544467026444377211e+02
1.837753824917580516e+02 2.533879102256023543e+02
1.835153488660133974e+02 2.523280600105073859e+02
1.832665609005794352e+02 2.512674647088399809e+02
1.830291499938140305e+02 2.502064370302873897e+02
1.828032475440749067e+02 2.491452896845366922e+02
1.825889849497199293e+02 2.480843353812750536e+02
1.823864936091069069e+02 2.470238868301896957e+02
1.821959049205937333e+02 2.459642567409677270e+02
1.820173502825381036e+02 2.449057578232963692e+02
1.818509610932979115e+02 2.438487027868626740e+02
1.816968687512309657e+02 2.427934043413538348e+02
1.815552046546951317e+02 2.417401751964571588e+02
1.814261247526123100e+02 2.406893332814464372e+02
1.813099223596184970e+02 2.396412307965104560e+02
1.812065465903231427e+02 2.385961456964253102e+02
1.811161288430837999e+02 2.375543906908781651e+02
1.810388005162585046e+02 2.365162784895562424e+02
1.809746930082049516e+02 2.354821218021465938e+02
1.809239377172810350e+02 2.344522333383364412e+02
1.808866660418445065e+02 2.334269258078129781e+02
1.808630093802532315e+02 2.324065119202632843e+02
1.808530991308650471e+02 2.313913043853745819e+02
1.808570666920377334e+02 2.303816159128340360e+02
1.808750434621291561e+02 2.293777592123287548e+02
1.809071608394970667e+02 2.283800469935459887e+02
1.809535502224993593e+02 2.273887919661728176e+02
1.810143430094938140e+02 2.264043068398964635e+02
1.810898904241893774e+02 2.254270151212414248e+02
1.811801293115592557e+02 2.244571389613103065e+02
1.812851699810886146e+02 2.234949807867148479e+02
1.814051438311352058e+02 2.225408533071421004e+02
1.815401822600568664e+02 2.215950692322792577e+02
1.816904166662114335e+02 2.206579412718135700e+02
1.818559784479566588e+02 2.197297821354319467e+02
1.820369990036504930e+02 2.188109045328218087e+02
1.822336097316505743e+02 2.179016211736701791e+02
1.824459420303149386e+02 2.170022447676643651e+02
1.826741272980012525e+02 2.161130880244913328e+02
1.829182969330673529e+02 2.152344636538383611e+02
1.831785823338711054e+02 2.143666843653925582e+02
1.834551148987702902e+02 2.135100628688411177e+02
1.837482176210889406e+02 2.126650485991517314e+02
1.840579137033875838e+02 2.118318830007785891e+02
1.843842553279488641e+02 2.110108232785386235e+02
1.847273738931306752e+02 2.102021821421189145e+02
1.850874007972908828e+02 2.094062723012067124e+02
1.854644674387872385e+02 2.086234064654890972e+02
1.858587052159775794e+02 2.078538973446533475e+02
1.862702455272197426e+02 2.070980576483865434e+02
1.866992197708715366e+02 2.063562000863758499e+02
1.871457593452907417e+02 2.056286373683084321e+02
1.876099956488352802e+02 2.049156822038714552e+02
1.880920600798628470e+02 2.042176473027521126e+02
1.885920840367314213e+02 2.035348453746375412e+02
1.891101982567317350e+02 2.028675884518870305e+02
1.896465651230940921e+02 2.022161993377378906e+02
1.902009324957891465e+02 2.015806020211177270e+02
1.907728657856472978e+02 2.009605523728292269e+02
1.913620794510945018e+02 2.003559359067544960e+02
1.919682879505569133e+02 1.997666381367755264e+02
1.925912057424606303e+02 1.991925445767742247e+02
1.932305472852317791e+02 1.986335407406326965e+02
1.938860270372964862e+02 1.980895121422328202e+02
1.945573594570808211e+02 1.975603442954567583e+02
1.952442590030107965e+02 1.970459227141864460e+02
1.959464401335127377e+02 1.965461329123038752e+02
1.966636173070125722e+02 1.960608604036910378e+02
1.973955049819365115e+02 1.955899907022300113e+02
1.981418176167105685e+02 1.951334093218027022e+02
1.989023366523778691e+02 1.946910697579082239e+02
1.996768644410855131e+02 1.942629503403644264e+02
2.004649514746468526e+02 1.938487721408111781e+02
2.012663122114879286e+02 1.934484206731305846e+02
2.020806611100349244e+02 1.930617814512046095e+02
2.029077126287139379e+02 1.926887399889152732e+02
2.037471812259509534e+02 1.923291818001445961e+02
2.045987813601722110e+02 1.919829923987745417e+02
2.054622274898037517e+02 1.916500572986871020e+02
2.063372340732717305e+02 1.913302620137642691e+02
2.072235155690022452e+02 1.910234920578881770e+02
2.081207864354212518e+02 1.907296329449407040e+02
2.090287611309551323e+02 1.904485701888038989e+02
2.099471541140297859e+02 1.901801893033597253e+02
2.108756941227541404e+02 1.899243938654462625e+02
2.118142239464148702e+02 1.896812359933956600e+02
2.127623063426198655e+02 1.894504128889945207e+02
2.137196557697953665e+02 1.892318100661249218e+02
2.146859866863673290e+02 1.890253130386688554e+02
2.156610135507619930e+02 1.888308073205083133e+02
2.166444508214053712e+02 1.886481784255253444e+02
2.176360129567237038e+02 1.884773118676018555e+02
2.186354144151428898e+02 1.883180931606200090e+02
2.196423696550892544e+02 1.881704078184616264e+02
2.206565931349887251e+02 1.880341413550087850e+02
2.216777993132675135e+02 1.879091792841435051e+02
2.227057026483517461e+02 1.877954071197478072e+02
2.237400175986673787e+02 1.876927103757036548e+02
2.247804586226406798e+02 1.876009745658930683e+02
2.258268208140875402e+02 1.875202409105165771e+02
2.268787401918766307e+02 1.874502565476844609e+02
2.279359199283269390e+02 1.873908860160426855e+02
2.289980744818644212e+02 1.873420148294734418e+02
2.300649183109152602e+02 1.873035285018585796e+02
2.311361658739054405e+02 1.872753125470801479e+02
2.322115316292611453e+02 1.872572524790201669e+02
2.332907300354085578e+02 1.872492338115606287e+02
2.343734755507737475e+02 1.872511420585835822e+02
2.354594826337826987e+02 1.872628627339709055e+02
2.365484657428616231e+02 1.872842813516047329e+02
2.376401393364366754e+02 1.873152834253669994e+02
2.387342178729338684e+02 1.873557544691397254e+02
2.398304158107793000e+02 1.874055799968049314e+02
2.409284648464138741e+02 1.874647470220324408e+02
2.420280628247275843e+02 1.875330850471861197e+02
2.431289144893931962e+02 1.876104304531891671e+02
2.442307342988365235e+02 1.876966687539235181e+02
2.453332367114839201e+02 1.877916854632711647e+02
2.464361361857614554e+02 1.878953660951142126e+02
2.475391471800951422e+02 1.880075961633345685e+02
2.486419841529111920e+02 1.881282611818142527e+02
2.497443615626355324e+02 1.882572466644353426e+02
2.508459938676944887e+02 1.883944381250797449e+02
2.519465955265140451e+02 1.885397210776294799e+02
2.530458809975202712e+02 1.886929810359666533e+02
2.541435647391393786e+02 1.888541035139730582e+02
2.552393612097974653e+02 1.890229740255309423e+02
2.563329658457042797e+02 1.891995362582484290e+02
2.574240840434830488e+02 1.893836803178048172e+02
2.585124492553042614e+02 1.895752253078694594e+02
2.595977759395941007e+02 1.897740567423242908e+02
2.606797785547785224e+02 1.899800601350513602e+02
2.617581715592837668e+02 1.901931209999326882e+02
2.628326694115357895e+02 1.904131248508502665e+02
2.639029865699608877e+02 1.906399572016860873e+02
2.649688374929850738e+02 1.908735035663221709e+02
2.660299366390343607e+02 1.911136494586404524e+02
2.670859984665349316e+02 1.913602803925230091e+02
2.681367374339129697e+02 1.916132818818518615e+02
2.691818679995944876e+02 1.918725394405089446e+02
2.702211309312281742e+02 1.921379558242516055e+02
2.712544025236407492e+02 1.924095667805171104e+02
2.722816079698326917e+02 1.926874759218231361e+02
2.733027926310403473e+02 1.929716637674481490e+02
2.743179297284139579e+02 1.932621854126673213e+02
2.753269924831036519e+02 1.935590959527558823e+02
2.763299541162601258e+02 1.938624504829892032e+02
2.773267878490336784e+02 1.941723040986424564e+02
2.783174669025744379e+02 1.944887118949908995e+02
2.793019644980331009e+02 1.948117289673097901e+02
2.802802538565598525e+02 1.951414104108743857e+02
2.812523081993051051e+02 1.954778113209600576e+02
2.822181007474193279e+02 1.958209867928418362e+02
2.831776047220526493e+02 1.961709919217951494e+02
2.841307933443556522e+02 1.965278818030951697e+02
2.850776336756273395e+02 1.968917182977006632e+02
2.860180060879213784e+02 1.972626589147109826e+02
2.869519819588260248e+02 1.976406513238632670e+02
2.878795345094915206e+02 1.980257506204327740e+02
2.888006369610681645e+02 1.984180118996946476e+02
2.897152625347065964e+02 1.988174902569243727e+02
2.906233844515569444e+02 1.992242407873969796e+02
2.915249759327696779e+02 1.996383185863877543e+02
2.924200101994952661e+02 2.000597787491721533e+02
2.933084604728838372e+02 2.004886763710251785e+02
2.941902999740859173e+02 2.009250665472222579e+02
2.950655019242518620e+02 2.013690043730385923e+02
2.959340395445320837e+02 2.018205449437494394e+02
2.967958860560768812e+02 2.022797433546299999e+02
2.976510146800366101e+02 2.027466547009556166e+02
2.984993036843763434e+02 2.032214437746657154e+02
2.993408040823671286e+02 2.037040765125903192e+02
3.001755054037137711e+02 2.041945892257551805e+02
3.010033808695667972e+02 2.046930370094355283e+02
3.018244037010763918e+02 2.051994749589066203e+02
3.026385471193930243e+02 2.057139581694437425e+02
3.034457843456668797e+02 2.062365417363220672e+02
3.042460886010485979e+02 2.067672807548169089e+02
3.050394331066883638e+02 2.073062303202035253e+02
3.058257910837366467e+02 2.078534455277571737e+02
3.066051357533438022e+02 2.084089814727531120e+02
3.073774403366600154e+02 2.089728932504665408e+02
3.081426780548359829e+02 2.095452359561728031e+02
3.089008221290218330e+02 2.101260646851471563e+02
3.096517697476411968e+02 2.107155259790038997e+02
3.103955279901076096e+02 2.113136348109459846e+02
3.111321113995248311e+02 2.119203967059513047e+02
3.118614931970433872e+02 2.125358667592952315e+02
3.125836466038135200e+02 2.131601000662528236e+02
3.132985448409855849e+02 2.137931517220995090e+02
3.140061611297101081e+02 2.144350768221104317e+02
3.147064686911373315e+02 2.150859304615609915e+02
3.153994407464175538e+02 2.157457677357262469e+02
3.160850505167013011e+02 2.164146437398815692e+02
3.167632712231388723e+02 2.170926135693022161e+02
3.174340760868805660e+02 2.177797323192633598e+02
3.180974383290769651e+02 2.184760550850404002e+02
3.187533311708781412e+02 2.191816369619084242e+02
3.194016732661602873e+02 2.198966010050423279e+02
3.200424226704915895e+02 2.206210216962470554e+02
3.206756214853687084e+02 2.213548685383379677e+02
3.213012429319420562e+02 2.220981966265904646e+02
3.219192602313620455e+02 2.228510610562797751e+02
3.225296466047790318e+02 2.236135169226811570e+02
3.231323752733432570e+02 2.243856193210697541e+02
3.237274194582053042e+02 2.251674233467209660e+02
3.243147523805153014e+02 2.259589840949099937e+02
3.248943472614237749e+02 2.267603566609120378e+02
3.254661773220811369e+02 2.275715961400024980e+02
3.260302157836376296e+02 2.283927576274564899e+02
3.265864358672437220e+02 2.292238962185493563e+02
3.271348107940497698e+02 2.300650670085563263e+02
3.276752832283774524e+02 2.309163643300977924e+02
3.282077571119629624e+02 2.317779326458102105e+02
3.287323046496892971e+02 2.326497002002318482e+02
3.292488990627068688e+02 2.335317220886380767e+02
3.297575123892550550e+02 2.344240486485817314e+02
3.302580844539463101e+02 2.353266006529215417e+02
3.307505013107943910e+02 2.362390826066874467e+02
3.312346420994855976e+02 2.371611712051644929e+02
3.317103859597058886e+02 2.380925431436378972e+02
3.321776120311415070e+02 2.390328751173928765e+02
3.326361994534786390e+02 2.399818438217145911e+02
3.330860273664035276e+02 2.409391259518883146e+02
3.335269749096021314e+02 2.419043982031990083e+02
3.339589212227608073e+02 2.428773372709320313e+02
3.343817409751781042e+02 2.438576232427145953e+02
3.347951682737518695e+02 2.448450360711834435e+02
3.351992279137311357e+02 2.458391355094578330e+02
3.355937990348021458e+02 2.468395982528230945e+02
3.359787607766508586e+02 2.478461009965643598e+02
3.363539922789636307e+02 2.488583204359668173e+02
3.367193726814265915e+02 2.498759332663156272e+02
3.370747811237258134e+02 2.508986161828959780e+02
3.374200967455474824e+02 2.519260458809930583e+02
3.377551986865779554e+02 2.529578990558920850e+02
3.380799660865030205e+02 2.539938524028781330e+02
3.383942780850092618e+02 2.550335826172365614e+02
3.386980138217824674e+02 2.560767663942523882e+02
3.389910524365091078e+02 2.571230804292108587e+02
3.392732730688751417e+02 2.581722014173971615e+02
3.395444051308933808e+02 2.592238353494853413e+02
3.398044418973042866e+02 2.602776265186420801e+02
3.400532942528000149e+02 2.613332444344100622e+02
3.402908413370669223e+02 2.623903657920741921e+02
3.405169622897911381e+02 2.634486672869200561e+02
3.407315362506588485e+02 2.645078256142326723e+02
3.409344423593561260e+02 2.655675174692971154e+02
3.411255597555692134e+02 2.666274195473986879e+02
3.413047675789842970e+02 2.676872085438224644e+02
3.414719449692875060e+02 2.687465611538537473e+02
3.416269710661649128e+02 2.698051540727776683e+02
3.417697250093028174e+02 2.708626639958793589e+02
3.419000859383874058e+02 2.719187676184441216e+02
3.420179329931047505e+02 2.729731416357570879e+02
3.421230157880011689e+02 2.740254386255598433e+02
3.422152596936335271e+02 2.750753361459797475e+02
3.422946232963441275e+02 2.761225238545311527e+02
3.423609857358190425e+02 2.771666784464991906e+02
3.424142261517447423e+02 2.782074766171692204e+02
3.424542236838070721e+02 2.792445950618262032e+02
3.424808574716924454e+02 2.802777104757556117e+02
3.424940066550868778e+02 2.813064995542423503e+02
3.424935503736766123e+02 2.823306389925718349e+02
3.424793677671477781e+02 2.833498054860290836e+02
3.424513379751864477e+02 2.843636757298993416e+02
3.424093401374789778e+02 2.853719264194677407e+02
3.423532533937113271e+02 2.863742342500195264e+02
3.422829568835699092e+02 2.873702759168398302e+02
3.421982319103910868e+02 2.883596813107947696e+02
3.420989129680347673e+02 2.893420998028585700e+02
3.419850178307501096e+02 2.903172719245741860e+02
3.418564256382231861e+02 2.912848743712269766e+02
3.417130155301402397e+02 2.922445838381019030e+02
3.415546666461872860e+02 2.931960770204842675e+02
3.413812581260505681e+02 2.941390306136593153e+02
3.411926691094163857e+02 2.950731213129120647e+02
3.409887787359707545e+02 2.959980258135280451e+02
3.407694661453997469e+02 2.969134208107919335e+02
3.405346104773897196e+02 2.978189829999893163e+02
3.402840908716267450e+02 2.987143890764052117e+02
3.400177864677970092e+02 2.995993157353246943e+02
3.397355764055865848e+02 3.004734396720332370e+02
3.394372851633788173e+02 3.013363988165779688e+02
3.391226333858239741e+02 3.021877529006663963e+02
3.387917095213340417e+02 3.030273240559270675e+02
3.384443927095952063e+02 3.038547889776452280e+02
3.380805620902934834e+02 3.046698243611059524e+02
3.377000968031152297e+02 3.054721069015944295e+02
3.373028759877465745e+02 3.062613132943959613e+02
3.368887787838735903e+02 3.070371202347955659e+02
3.364576843311824632e+02 3.077992044180786024e+02
3.360094717693594362e+02 3.085472425395301457e+02
3.355440202380904680e+02 3.092809112944353842e+02
3.350612088770620289e+02 3.099998873780795066e+02
3.345609168259600779e+02 3.107038474857477013e+02
3.340430232244708577e+02 3.113924683127252706e+02
