1810.8868
1845.0220
1862.2644
1896.0472
1867.9831
1873.4434
1904.8055
1930.8225
2003.6174
2055.5605
2059.5956
2083.5446
2087.0228
2123.6423
2177.2622
2243.3350
2331.5135
2447.5351
2585.6560
2756.0133
2928.3614
3091.5490
3173.2632
3282.8616
3342.7889
3400.0058
3566.4864
3640.5311
3742.3144
3794.6709
3767.5075
3804.2264
3891.7837
3943.3766
3978.1508
3909.8397
3836.0059
3735.4572
3790.3493
3824.0342
3869.3642
3823.5425
3882.2937
3758.8966
3706.5798
3609.0131
3529.2377
3514.8200
3489.3108
3473.1034
3457.1553
3438.1320
3451.4194
3482.6703
3504.1495
3561.5628
3573.1277
3670.5827
3730.0867
3811.3995
3871.8997
3904.2161
3987.4431
4019.7292
4040.6519
4097.2878
4035.8118
3960.1085
3852.7713
3671.6354
3553.4239
3362.4651
3154.9710
3009.9285
2867.6926
2720.8176
2581.6823
2445.7758
2320.6029
2214.5056
2145.3372
2092.7447
2082.1149
2097.8223
2093.5030
2072.2401
2039.9519
1970.4965
1917.8214
1874.8739
1853.7133
1834.4489
1840.1799
1829.8204
1804.5972
1793.3695
1782.3396
1800.0915
1772.9811
1816.3153
