84.1429
0.0000
134.4856
86.9375
0.0000
72.1697
119.4072
6.6201
43.3677
79.1162
98.7486
54.6789
186.1439
341.4490
197.8045
351.2454
349.1337
703.8237
946.5369
1101.8996
1187.5616
855.6248
1362.1422
2918.1348
3514.0050
4341.7391
5031.5072
5355.4321
6078.7889
6469.8626
6545.1189
6555.1521
6279.1317
5582.8116
5620.2837
5368.7913
5413.7107
5692.5223
6050.2124
6452.3833
6827.4094
6793.8644
6257.6158
5782.5580
5388.9006
4556.4732
4425.8308
4148.1440
3952.0557
3997.1232
4061.5520
4377.9028
4387.7939
4535.9070
4715.0969
5129.0881
5537.6715
6168.9877
6917.2554
7464.1852
7890.7626
7700.1113
7824.1619
7603.6252
6963.9781
7054.2762
6722.0182
6114.0537
5199.0277
4517.2191
3481.7716
2700.2274
2511.8007
1866.3643
1299.4860
924.7933
786.0908
304.4461
213.9069
194.4747
102.0157
68.5998
12.6369
3.7070
11.1203
92.8960
42.8455
0.0000
0.0000
32.2731
0.0000
74.6030
22.1461
47.9317
0.0000
70.0585
0.0000
96.9588
93.5826
28.2006
