-0.0292
-0.2332
-0.2330
-0.3902
0.3662
0.7233
0.9527
1.1810
0.6019
0.6473
0.4713
-0.1132
-0.5545
-0.4313
-0.8152
-0.7189
-0.5820
-0.6591
-1.1912
-0.9272
-0.5070
0.1813
-0.6058
-0.7250
-0.9108
-0.8558
-0.4804
-0.3473
-0.2149
-0.2759
-0.2370
-0.2787
-0.0099
0.0737
0.0662
-0.0255
0.0429
-0.3952
-0.1300
-0.0717
-0.0081
-0.2883
0.1072
-0.0105
0.1894
0.1218
0.0296
0.0025
0.0529
0.2591
0.2207
0.2707
0.2154
0.1173
0.1882
0.1264
0.0564
0.1425
0.0130
0.0936
0.0956
0.0324
0.0560
0.0058
-0.1785
-0.1078
-0.2564
-0.4958
-0.4128
-0.6100
-0.2740
-0.4880
-0.5895
-0.2195
-0.0667
0.4115
0.7345
0.8386
0.2454
0.4336
-0.2244
-0.1404
-0.3895
-0.9918
-0.7478
-0.4242
-0.4467
-0.1617
0.5791
0.8890
1.4125
1.3530
0.7463
-0.0594
0.7571
0.8958
0.4567
0.3612
-0.0133
-0.3888
